walk,114,28,244
wait,5000
teleport,Hotan,Kings Valley
wait,5000
walk,-11467,-3278,501
walk,-11450,-3278,538
walk,-11392,-3277,543
walk,-11362,-3278,591
wait,5000
teleport,Kings Valley,Pharaoh tomb (intermediate)
wait,10000
walk,10911,5937,724
walk,10933,5937,650
walk,10955,5937,650
AttackArea,53
walk,10959,5937,650
walk,10980,5937,650
walk,10993,5937,724
walk,11019,5937,738
walk,11038,5937,752
walk,11059,5938,743
walk,11080,5938,758
walk,11102,5938,737
walk,11124,5939,660
walk,11138,5938,674
walk,11158,5938,722
walk,11173,5937,739
walk,11176,5933,739
walk,11187,5914,739
walk,11196,5894,773
walk,11195,5882,815
walk,11195,5867,829
walk,11197,5848,812
walk,11194,5845,812
walk,11174,5846,812
walk,11153,5849,812
walk,11125,5851,812
walk,11122,5848,812
walk,11124,5830,812
walk,11125,5804,827
walk,11125,5778,801
walk,11122,5749,801
walk,11119,5727,814
walk,11115,5702,801
walk,11111,5680,793
walk,11107,5658,793
walk,11104,5644,801
AttackArea,55
wait,10000
walk,11093,5628,801
walk,11087,5619,801
AttackArea,53
walk,11094,5619,801
walk,11112,5619,801
walk,11126,5619,801
AttackArea,70
walk,11141,5619,801
walk,11164,5619,801
AttackArea,53
walk,11155,5624,801
walk,11148,5638,801
AttackArea,55
wait,10000
walk,11142,5661,795
walk,11138,5681,793
walk,11133,5705,801
walk,11129,5727,814
walk,11126,5752,801
walk,11126,5777,801
walk,11125,5800,827
walk,11125,5823,812
walk,11124,5836,812
walk,11124,5849,812
walk,11127,5851,812
walk,11140,5850,812
walk,11167,5847,812
walk,11195,5845,812
walk,11198,5848,812
walk,11196,5868,829
walk,11195,5889,806
walk,11189,5909,739
walk,11181,5925,739
walk,11177,5936,739
walk,11178,5949,738
walk,11185,5960,739
walk,11195,5972,769
walk,11195,5990,808
walk,11196,6009,829
walk,11198,6027,815
walk,11195,6030,815
walk,11175,6028,815
walk,11152,6025,815
walk,11126,6022,815
walk,11122,6025,815
walk,11124,6044,815
walk,11125,6068,831
walk,11127,6094,806
walk,11129,6116,806
walk,11133,6139,813
walk,11135,6160,814
walk,11140,6185,803
walk,11144,6204,798
walk,11147,6220,806
AttackArea,55
wait,10000
walk,11155,6239,806
walk,11164,6254,806
AttackArea,53
walk,11155,6255,806
walk,11138,6254,806
walk,11126,6254,806
AttackArea,70
walk,11109,6255,806
walk,11087,6255,806
AttackArea,53
walk,11093,6249,806
walk,11101,6238,806
AttackArea,55
wait,10000
walk,11105,6222,806
walk,11108,6205,798
walk,11112,6190,803
walk,11117,6168,806
walk,11120,6151,818
walk,11124,6124,806
walk,11124,6103,806
walk,11125,6082,814
walk,11125,6066,831
walk,11124,6047,815
walk,11122,6026,815
walk,11125,6023,815
walk,11145,6024,815
walk,11170,6027,815
walk,11184,6028,815
walk,11197,6030,815
walk,11199,6026,815
walk,11196,6010,829
walk,11195,5997,828
walk,11194,5976,770
walk,11200,5963,739
walk,11209,5946,739
walk,11217,5935,739
walk,11229,5934,739
walk,11251,5935,739
walk,11275,5936,790
walk,11287,5936,827
walk,11318,5937,815
walk,11344,5937,830
walk,11370,5937,805
walk,11398,5936,803
walk,11420,5936,829
walk,11445,5937,814
walk,11465,5933,814
walk,11468,5936,814
walk,11466,5954,814
walk,11462,5976,814
walk,11466,5981,814
walk,11482,5979,830
walk,11499,5979,830
walk,11520,5979,804
walk,11541,5979,804
walk,11567,5979,804
walk,11590,5978,804
walk,11608,5979,804
walk,11627,5979,804
AttackArea,53
walk,11650,5979,817
walk,11672,5979,804
AttackArea,70
walk,11685,5979,804
walk,11706,5979,804
walk,11728,5979,830
walk,11746,5980,831
walk,11764,5981,815
walk,11767,5977,815
walk,11766,5958,815
walk,11764,5933,815
walk,11763,5917,815
walk,11763,5894,815
walk,11763,5878,831
walk,11763,5859,830
walk,11763,5832,706
walk,11763,5816,625
walk,11764,5787,624
walk,11743,5775,624
walk,11728,5752,624
walk,11743,5728,624
walk,11764,5716,624
walk,11787,5730,624
walk,11801,5752,624
walk,11791,5785,616
walk,11774,5763,624
walk,11765,5752,624
walk,11764,5741,624
walk,11764,5715,624
walk,11764,5691,624
walk,11764,5673,675
walk,11764,5660,770
wait,2000
teleport,Pharaoh tomb (intermediate),Kings Valley
wait,10000
//leave Party
inject,0x7061
inject,7061,false
walk,-11481,-3278,453
walk,-11495,-3284,400
walk,-11529,-3281,278
walk,-11549,-3281,278
walk,-11568,-3282,278
walk,-11590,-3282,278
walk,-11605,-3282,278
walk,-11635,-3281,238
walk,-11661,-3281,201
walk,-11691,-3277,175
walk,-11707,-3277,175
walk,-11731,-3277,175
walk,-11748,-3277,175
walk,-11765,-3277,175
walk,-11780,-3277,175
walk,-11796,-3277,175
walk,-11809,-3277,175
walk,-11831,-3277,110
walk,-11843,-3278,90
walk,-11867,-3279,57
walk,-11882,-3281,36
walk,-11897,-3284,28
walk,-11907,-3290,24
wait,5000
teleport,Kings Valley,Samarkand
wait,5000
walk,-5157,2836,180
walk,-5160,2849,180
walk,-5165,2860,180
walk,-5170,2871,192
walk,-5177,2880,192
wait,5000
teleport,Samarkand,Hotan
wait,5000
SetScript,HWT_5.txt
