walk,114,28,244
wait,5000
teleport,Hotan,Kings Valley
wait,5000
walk,-11467,-3278,501
walk,-11450,-3278,538
walk,-11392,-3277,543
walk,-11362,-3278,591
wait,5000
teleport,Kings Valley,Pharaoh tomb (advance)
wait,10000
walk,8418,5936,724
walk,8437,5937,650
walk,8446,5938,651
AttackArea,53
walk,8469,5937,650
walk,8492,5937,689
walk,8505,5937,724
walk,8532,5937,751
walk,8561,5936,743
walk,8585,5936,758
walk,8606,5936,737
walk,8632,5936,660
walk,8644,5936,674
walk,8657,5937,696
walk,8668,5939,739
walk,8679,5944,739
walk,8685,5953,737
walk,8698,5961,739
walk,8698,5977,770
walk,8699,5986,806
walk,8700,6000,828
walk,8701,6028,815
walk,8674,6023,815
walk,8645,6023,815
walk,8630,6022,815
walk,8625,6026,815
walk,8629,6042,815
walk,8630,6063,833
walk,8629,6086,808
walk,8629,6099,806
walk,8629,6113,806
walk,8629,6125,806
walk,8629,6138,810
walk,8629,6149,818
walk,8629,6165,814
walk,8629,6181,806
walk,8629,6193,806
walk,8629,6207,806
AttackArea,55
wait,10000
walk,8629,6219,806
walk,8608,6235,806
AttackArea,50
walk,8632,6262,806
AttackArea,50
walk,8654,6235,806
AttackArea,50
walk,8631,6218,806
walk,8629,6191,806
AttackArea,55
wait,10000
walk,8629,6171,806
walk,8629,6157,818
walk,8629,6130,806
walk,8629,6111,806
walk,8630,6091,806
walk,8628,6071,831
walk,8625,6035,815
walk,8631,6023,815
walk,8653,6025,815
walk,8685,6028,815
walk,8694,6030,815
walk,8702,6026,815
walk,8700,6011,829
walk,8699,5987,806
walk,8696,5960,739
walk,8683,5955,737
walk,8682,5938,739
walk,8683,5917,737
walk,8696,5907,739
walk,8697,5900,770
walk,8698,5887,806
walk,8698,5873,828
walk,8704,5850,812
walk,8694,5844,812
walk,8663,5847,812
walk,8637,5852,812
walk,8626,5846,812
walk,8630,5820,814
walk,8629,5803,827
walk,8629,5783,801
walk,8629,5768,801
walk,8629,5750,801
walk,8630,5732,809
walk,8630,5716,814
walk,8629,5692,801
walk,8630,5672,801
AttackArea,55
wait,10000
walk,8630,5653,801
walk,8651,5639,801
AttackArea,50
walk,8631,5613,801
AttackArea,50
walk,8661,5620,801
AttackArea,50
walk,8606,5636,801
AttackArea,70
walk,8633,5621,801
AttackArea,70
walk,8627,5646,801
walk,8628,5671,801
AttackArea,55
walk,8627,5625,801
walk,8591,5618,801
AttackArea,70
wait,10000
walk,8630,5698,801
walk,8630,5711,809
walk,8630,5723,814
walk,8630,5742,801
walk,8630,5759,801
walk,8630,5778,801
walk,8630,5795,820
walk,8630,5801,827
walk,8629,5838,812
walk,8630,5852,812
walk,8651,5847,812
walk,8678,5846,812
walk,8691,5844,812
walk,8702,5851,812
walk,8699,5864,829
walk,8699,5876,828
walk,8701,5900,770
walk,8711,5920,739
walk,8718,5935,739
walk,8740,5937,739
walk,8761,5937,739
walk,8780,5937,803
walk,8795,5937,828
walk,8824,5938,815
walk,8848,5937,830
walk,8873,5938,805
walk,8880,5937,803
walk,8894,5937,803
walk,8916,5937,805
walk,8929,5937,829
walk,8952,5938,814
walk,8964,5938,814
walk,8968,5951,814
walk,8968,5974,814
walk,8975,5978,814
walk,8988,5979,830
walk,9000,5979,830
walk,9018,5979,804
walk,9039,5979,804
walk,9054,5980,804
walk,9085,5979,804
walk,9112,5979,804
walk,9127,5979,804
AttackArea,50
walk,9153,6000,804
AttackArea,50
walk,9155,5956,804
AttackArea,50
walk,9181,5979,804
AttackArea,50
walk,9218,5979,804
walk,9236,5979,830
walk,9265,5980,815
walk,9273,5973,815
walk,9268,5960,815
walk,9268,5931,815
walk,9268,5912,815
walk,9268,5894,815
walk,9267,5881,826
walk,9267,5865,830
walk,9266,5853,830
walk,9267,5833,707
walk,9268,5810,624
walk,9268,5797,624
walk,9269,5784,624
walk,9298,5751,624
walk,9268,5726,625
walk,9237,5751,624
walk,9249,5744,624
walk,9264,5707,624
walk,9268,5683,624
walk,9268,5677,652
walk,9268,5671,693
walk,9267,5665,735
walk,9258,5657,791
walk,9259,5650,830
wait,5000
teleport,Pharaoh tomb (intermediate),Kings Valley
wait,10000
//leave Party
inject,0x7061
inject,7061,false
walk,-11481,-3278,453
walk,-11495,-3284,400
walk,-11529,-3281,278
walk,-11549,-3281,278
walk,-11568,-3282,278
walk,-11590,-3282,278
walk,-11605,-3282,278
walk,-11635,-3281,238
walk,-11661,-3281,201
walk,-11691,-3277,175
walk,-11707,-3277,175
walk,-11731,-3277,175
walk,-11748,-3277,175
walk,-11765,-3277,175
walk,-11780,-3277,175
walk,-11796,-3277,175
walk,-11809,-3277,175
walk,-11831,-3277,110
walk,-11843,-3278,90
walk,-11867,-3279,57
walk,-11882,-3281,36
walk,-11897,-3284,28
walk,-11907,-3290,24
wait,5000
teleport,Kings Valley,Samarkand
wait,5000
walk,-5157,2836,180
walk,-5160,2849,180
walk,-5165,2860,180
walk,-5170,2871,192
walk,-5177,2880,192
wait,5000
teleport,Samarkand,Hotan
wait,5000
SetScript,HWT_1.txt
